1724
1732
1272
1516
2405
1776
1858
1929
2197
1169
1772
1197
1565
2183
2377
2345
1388
2259
2132
1398
924
1346
891
1262
1030
1720
749
1737
2202
2093
1767
1532
2270
1229
1401
1959
2003
1667
1581
1974
2403
2156
841
1703
1324
1069
887
1436
1183
2366
1858
2012
1270
1154
1787
1990
698
1524
963
2119
2463
2536
2242
1938
1028
729
2227
1671
1540
825
1431
2441
974
1161
1281
1589
2029
1053
2544
1702
743
1908
2159
1662
1554
1614
1697
1351
1853
2357
2033
1769
1652
2493
1073
2256
1032
1455
1968
940
1707
783
2347
2462
1038
1672
1506
1675
2197
1748
2236
707
2209
1046
1125
2541
818
862
1485
1009
845
2478
1694
1425
661
1315
1198
2383
1439
1560
1224
767
1513
786
1994
861
1159
1894
1117
845
1581
1604
920
688
1216
1818
2085
795
1526
891