16705
48118
14815
77925
45355
60741
50279
95725
45425
39246
92808
68746
12107
57771
97822
27368
16076
51842
72340
36684
79117
18567
56087
37575
93631
80112
21416
16806
89064
8643
38850
8653
53940
18073
9720
48099
82108
14092
37399
73472
46158
86748
46746
97851
58026
29824
81195
84307
71580
96351
49362
28326
87086
74885
32945
58072
13543
35314
39800
73653
27821
46505
26444
81589
49868
62816
61016
41028
95560
65166
14112
44474
93106
25773
56005
29910
57618
66998
52751
23367
85688
62550
21453
65886
32880
8558
71689
48588
40055
56533
12448
47997
20595
16722
45194
18386
68109
85076
17513
51279
67409
84466
33148
76197
29751
84128
34113
79772
89323
70350
39860
67405
49655
44252
66992
85282
83211
59652
32484
61611
99807
22802
28557
74119
10479
27589
98599
67687
59927
61992
56936
20977
81150
59082
78005
13655
79027
11376
75995
90356
68916
94052
77782
11020
13258
68480
95300
57513
39679
72229
25545
8856
42713
24142
62463
36658
72939
70510
36008
72306
34909
9617
51429
96065
24137
55486
43248
95981
67408
96257
81735
86437
71799
83738
64299
40139
63717
11966
68296
28360
37538
65968
8801
31047
27332
37854
19757
15659
26081
33247
56261
56197
86747
44084
56519
47721
86351
11805
12461
80731
27312
13400
88137
69167
85978
89088
33180
26972
29588
44858
64577
96733
64607
45788
23218
12693
75765
62217
12436
39973
27619
74294
13697
56496
87733
10540
27536
11551
29349
97676
87064
24695
51518
56187
14767
85881
98577
71239
77578
12938
56766
40238
85240
71537
96605
97227
64152
71366
18747
55897
21709
76553
86026
18126
31123
58921
58595
78864
51879
15825
56212
75659
80218
30851
92274
93403
74767
34054
46083
28618
10874
70513
49104
52902
59406
90035
62352
83823
42059
79472
70216
88655
80920
29821
23092
87067
92232
26250
93099
31446
34272
66874
73370
90884
15746
81503
86105
14789
27533
52705
95626
50447
35418
91258
69490
21189
29034
50876
34564
34963
45704
29000
33342
76831
29099
64299
14862
84235
43784
81202
76681
64000
86056
91625
83630
39469
98958
80536
60829
74363
52702
20163
15402
44073
84750
52068
24081
82315
79923
46174
61827
65202
50878
51970
69383
22070
21301
78269
73427
8168
40155
67678
47229
97506
80564
61442
41013
46184
52351
25640
44775
8197
21986
56600
24497
17382
65369
30866
12024
10585
98803
71577
85003
74242
87495
81086
48255
35979
52547
89274
65798
61096
57449
26939
66001
41581
38542
56259
55881
19367
41727
73280
84173
9017
79851
75626
96040
57432
52205
76705
50220
85471
45308
41348
47682
41290
95573
80301
30599
54147
28062
64979
98801
29670
16297
98844
26919
12983
54448
20712
36265
8199
15149
83594
83642
83610
81987
21549
59153
38774
70826
49140
98619
38212
21406
65350
30822
60227
38688
99203
83504
9478
60872
21463
36977
65706
67057
71447
51244
56731
91871
95262
60157
89391
88160
67664
44021
9734
69205
74032
59687
32178
32300
77412
68307
48758
40592
99217
53640
80187
43709
62299
13667
32222
53406
91475
50771
44963
56068
89333
34486
91680
75519
13546
35652
40789
80903
37539
42514
35660
48945
59862
85173
85179
31173
71061
20052
63573
39195
23500
21785
79615
83883
36374
50918
31422
81153
75350
24147
96312
62787
14231
66910
55606
35856
37133
16804
85284
93270
98412
73578
53053
52365
49998
25004
82254
20641
72855
70806
72267
51945
86343
26036
89895
24031
48049
77684
82376
72422
44601
68036
66304
75630
26342
43450
14896
77217
47200
90854
69973
57536
8082
39827
91719
79505
69380
89297
41435
45361
56808
86885
31690
89230
39611
92718
46761
14274
26270
29536
74942
75033
52173
49815
62043
67664
74837
81717
11007
40691
29188
66153
44244
16533
97969
54700
8674
36231
48099
26590
20709
42579
72542
44031
13579
36805
10667
39296
54921
15573
42228
24850
17552
95093
68299
34435
17745
59790
44020
49848
38255
96984
56161
40582
38390
36076
19514
67901
56526
69869
17252
51858
44947
54932
86136
12325
34904
86646
9495
40769
36238
24359
21986
31026
51461
62055
96927
47119
14644
94710
21469
31031
25722
25611
26380
53208
38344
41806
23638
40588
32581
60578
39196
16920
14750
33483
48963
63220
93480
25286
74054
65766
82188
90564
51991
24726
36207
28442
93986
88709
69765
75568
51868
45261
24301
74560
90460
31117
54364
51525
31702
69965
42591
12204
72196
95123
41750
59664
91360
15170
25461
79728
57433
36893
11452
46712
26202
72185
65161
44052
72885