388790
291651
476645
150025
471670
498981
196447
483250
125971
256114
265740
346662
228933
116149
442885
462503
148321
316242
249423
447899
175316
492819
344613
102941
313667
169529
287112
289543
490322
332783
188819
441766
312688
325199
200651
258341
199852
397143
482637
452740
109711
430551
160494
446564
358123
380946
141605
375260
297525
282898
379618
448765
426529
254117
333920
245270
432698
341493
144994
165605
98635
278590
231597
195048
352343
422795
95035
294880
92865
309954
427196
93258
428550
137234
391164
410008
375322
296391
309613
315865
427298
253855
171856
413193
181859
426718
182424
453596
451682
210177
443721
404791
348450
303738
362680
430957
468250
116846
260968
321129
207128
145741
245206
81721
493089
173290
363287
463254
308935
241590
147321
231404
450870
336852
220410
265204
301255
355205
241151
182360
471681
228000
177905
110062
109607
373532
414595
334029
207873
456364
194779
101908
482791
321622
342440
218470
303636
423624
454971
402297
93576
277726
443363
119610
113387
433132
101407
164551
266663
106416
222825
307771
121394
191006
416390
488704
249186
485934
252425
294193
478643
167556
252103
164141
349511
86768
360645
430185
319858
297013
99561
482362
191020
382484
432683
301167
305743
296177
112333
311581
82446
92316
302503
483691
300639
468688
483805
414523
408768
268668
230649
312084
355982
490657
387236
182592
355098
333777
224963
473014
115481
189286
178826
240005
256384
475723
196932
217869
463026
122846
278407
115344
453757
386616
459673
390570
452557
204744
158573
339142
420304
99560
334503
351628
459666
484832
275793
351833
384568
241970
175687
177706
492213
437913
486435
450142
497689
499337
392790
386366
258394
248751
171364
277365
170076
279404
100489
451937
231671
451292
369576
453221
382372
308190
428885
321586
125642
218341
266598
80583
339968
246511
474315
485534
381421
413606
98867
379461
284567
182784
192578
479318
440533
274876
262235
403285
238045
446607
429526
214594
243384
389874
308536
362308
274337
461768
93479
247184
308342
383835
235217
110343
177174
496573
216125
444088
394362
471514
471285
412525