43396055776329041682039
776120930951365190226349
705345159402634221726803
864093472672236114581732
452116402817092066590382
189772763710256910175003
863416984749505871025153
899192718538766779874753
840421519552605484829307
355014983129879078771633
520019560958217118742123
747381549890730048433396
259774389990415994735803
215625907874153499423486
838478619723669803525375
770166183310655318182672
832559740717895855525671
191843789696683096029198
821965784428957801549496
426149236094501950168639
667249588578202830859310
421317747721343511457441
701781399172400337834541
573148959485624311447854
857154348373635959943954
193490892747443898857472
554978142190575418522451
616316828088139017892390
394950283008567067703281
777814209802013246483099
875970323698574799901263
719292513007709979842031
400890099176516337028652
975118301480719611514853
702697180692567384359106
186510670617845773489186
462058887445494935620404
604505904785649236608183
318318532388368605026991
909012584780055288564627
145011213928500613222695
258091179519341562109472
426180739575647359175780
384026713403998224458680
693394919943128818002623
253472564125048270434022
608200779257755668320309
915460566182261566982703
582067801142348576899066
172657248498385221787861
425441399387905258177364
976636167466891847077450
241712009287915918279864
593885185850001742715956
737608348703627334151773
946740194298766074123431
259525131693521036662232
113034838197131433969460
355562758993187857515394
144768725958350966143866
992753684570403746232433
960335362003647116547344
435772195818612759287889
170561250491747826542909
163751736668314196265032
298211048714277378919560
832334970759593971479827
143281365015570991551099
851428828690315537655727
954754812244469530541047
485317067787950957547264
894920385323417889028074
436938540539541756672520
428131076500276003457418
669795664127573422025613
571794151101216738163462
984139224854231409639627
915889605044850952832226
652088204187672049309624
785956752769536829449052
716089925412445525486925
247215111877398339372799
864737204626765924318124
827306807922703214386662
703097312059632122098804
250847801832204253617027
404005844638045311191004
631092383051797995804255
500173546139479990895536
429993728860925469978490